# show cpu detail
Average cpu utilization since last boot(%):
      All     CPU0    CPU1
(%)    6.4    12.7     0.1

Current cpu utilization (%):
      All     CPU0    CPU1
(%)    8.2    16.3     0.0

Cpu utilization in last 60 seconds(%):
      All     CPU0    CPU1
59 :   8.2    16.3     0.0
58 :   8.7    17.4     0.0
57 :   8.4    16.9     0.0
56 :   5.3    10.6     0.0
55 :  31.3    62.6     0.0
54 :   6.4    12.8     0.0
53 :   7.8    15.6     0.0
52 :   6.8    12.6     1.0
51 :   6.8    13.6     0.0
50 :   2.3     4.5     0.0
49 :   5.7    11.5     0.0
48 :   6.7    13.5     0.0
47 :   7.3    14.6     0.0
46 :   7.9    15.7     0.0
45 :   6.0    11.9     0.0
44 :   5.4    10.7     0.0
43 :   7.7    15.4     0.0
42 :   8.6    17.2     0.0
41 :   5.3    10.6     0.0
40 :   6.8    13.6     0.0
39 :   5.8    11.6     0.0
38 :   5.9    11.8     0.0
37 :   5.2    10.5     0.0
36 :   5.9    11.8     0.0
35 :   6.4    12.8     0.0
34 :   6.8    13.6     0.0
33 :   6.3    11.6     1.0
32 :   7.3    14.6     0.0
31 :   6.8    13.6     0.0
30 :   7.8    15.6     0.0
29 :   6.3    12.6     0.0
28 :   3.3     6.7     0.0
27 :   6.8    13.6     0.0
26 :   8.2    16.5     0.0
25 :   5.4    10.8     0.0
24 :   6.3    12.6     0.0
23 :   5.8    11.6     0.0
22 :   6.7    13.5     0.0
21 :   7.4    14.8     0.0
20 :   7.7    15.4     0.0
19 :   6.3    12.5     0.0
18 :   5.8    11.6     0.0
17 :   2.3     4.5     0.0
16 :   7.4    14.8     0.0
15 :   5.9    11.8     0.0
14 :   5.9    10.7     1.0
13 :   6.8    13.6     0.0
12 :   4.2     8.3     0.0
11 :   6.4    12.8     0.0
10 :   6.3    12.5     0.0
9  :   5.7    11.5     0.0
8  :   5.8    11.6     0.0
7  :   4.2     8.4     0.0
6  :   3.4     6.7     0.0
5  :   8.3    16.7     0.0
4  :   7.4    14.8     0.0
3  :   7.8    15.6     0.0
2  :   5.8    11.6     0.0
1  :   6.7    13.5     0.0
0  :   8.5    17.0     0.0

Cpu utilization in last 60 minutes(%):
      All     CPU0    CPU1
59 :   6.5    13.0     0.0
58 :   6.0    11.9     0.0
57 :   6.1    12.1     0.0
56 :   6.1    12.2     0.1
55 :   6.9    13.7     0.1
54 :   6.2    12.4     0.1
53 :   6.6    13.2     0.1
52 :   6.0    11.9     0.1
51 :   6.3    12.5     0.0
50 :   7.2    14.4     0.1
49 :   6.5    12.9     0.1
48 :   6.3    12.5     0.1
47 :   6.3    12.5     0.0
46 :   6.1    12.1     0.1
45 :   6.5    13.0     0.1
44 :   6.0    11.9     0.1
43 :   6.2    12.3     0.1
42 :   6.0    12.0     0.1
41 :   5.9    11.9     0.0
40 :   6.7    13.4     0.1
39 :   6.1    12.2     0.1
38 :   6.2    12.5     0.0
37 :   6.4    12.7     0.1
36 :   6.4    12.7     0.1
35 :   6.9    13.7     0.1
34 :   6.6    13.1     0.0
33 :   6.0    11.9     0.0
32 :   6.3    12.6     0.1
31 :   6.2    12.4     0.0
30 :   6.5    12.9     0.0
29 :   6.0    11.9     0.0
28 :   6.4    12.8     0.1
27 :   6.6    13.1     0.0
26 :   6.5    12.9     0.0
25 :   6.8    13.6     0.1
24 :   6.3    12.6     0.0
23 :   6.3    12.6     0.1
22 :   6.4    12.8     0.0
21 :   6.6    13.2     0.0
20 :   6.6    13.2     0.0
19 :   6.4    12.7     0.1
18 :   6.2    12.4     0.0
17 :   6.6    13.2     0.0
16 :   5.9    11.8     0.0
15 :   6.5    13.0     0.1
14 :   6.7    13.3     0.0
13 :   6.5    12.9     0.1
12 :   6.1    12.1     0.0
11 :   6.2    12.5     0.0
10 :   6.6    13.1     0.1
9  :   6.3    12.5     0.0
8  :   6.0    12.0     0.0
7  :   6.6    13.1     0.1
6  :   6.6    13.1     0.1
5  :   6.6    13.1     0.0
4  :   6.5    13.0     0.1
3  :   6.2    12.3     0.0
2  :   5.9    11.8     0.0
1  :   6.3    12.5     0.0
0  :   7.2    14.3     0.1

Cpu utilization in last 24 hours(%):
      All     CPU0    CPU1
23 :   6.4    12.7     0.1
22 :   6.4    12.7     0.1
21 :   6.4    12.7     0.1
20 :   6.3    12.5     0.1
19 :   6.4    12.8     0.1
18 :   6.4    12.8     0.1
17 :   6.3    12.6     0.1
16 :   6.4    12.7     0.1
15 :   6.2    12.4     0.1
14 :   6.4    12.7     0.1
13 :   6.4    12.7     0.1
12 :   6.4    12.7     0.1
11 :   6.4    12.8     0.1
10 :   6.4    12.7     0.1
9  :   6.3    12.5     0.1
8  :   6.3    12.6     0.1
7  :   6.3    12.6     0.1
6  :   6.4    12.7     0.1
5  :   6.4    12.8     0.1
4  :   6.4    12.7     0.1
3  :   6.4    12.7     0.1
2  :   6.3    12.5     0.1
1  :   6.3    12.5     0.1
0  :   6.3    12.6     0.1

Cpu utilization in last 7 days(%):
      All     CPU0    CPU1
167:   6.4    12.7     0.1
166:   6.4    12.7     0.1
165:   6.4    12.7     0.1
164:   6.3    12.5     0.1
163:   6.4    12.8     0.1
162:   6.4    12.8     0.1
161:   6.3    12.6     0.1
160:   6.4    12.7     0.1
159:   6.2    12.4     0.1
158:   6.4    12.7     0.1
157:   6.4    12.7     0.1
156:   6.4    12.7     0.1
155:   6.4    12.8     0.1
154:   6.4    12.7     0.1
153:   6.3    12.5     0.1
152:   6.3    12.6     0.1
151:   6.3    12.6     0.1
150:   6.4    12.7     0.1
149:   6.4    12.8     0.1
148:   6.4    12.7     0.1
147:   6.4    12.7     0.1
146:   6.3    12.5     0.1
145:   6.3    12.5     0.1
144:   6.3    12.6     0.1
143:   6.3    12.6     0.1
142:   6.4    12.7     0.1
141:   6.4    12.7     0.1
140:   6.3    12.6     0.1
139:   6.3    12.6     0.1
138:   6.3    12.5     0.1
137:   6.4    12.8     0.1
136:   6.3    12.6     0.1
135:   6.4    12.7     0.1
134:   6.4    12.8     0.1
133:   6.3    12.6     0.1
132:   6.4    12.8     0.1
131:   6.3    12.5     0.1
130:   6.3    12.6     0.1
129:   6.4    12.8     0.1
128:   6.4    12.7     0.1
127:   6.3    12.6     0.1
126:   6.5    12.9     0.1
125:   6.4    12.7     0.1
124:   6.3    12.6     0.1
123:   6.3    12.6     0.1
122:   6.3    12.6     0.1
121:   6.3    12.5     0.1
120:   6.4    12.7     0.1
119:   6.3    12.6     0.1
118:   6.3    12.6     0.1
117:   6.5    12.9     0.1
116:   6.7    13.3     0.1
115:   6.3    12.6     0.1
114:   6.4    12.7     0.1
113:   6.4    12.7     0.1
112:   6.3    12.6     0.1
111:   6.3    12.5     0.1
110:   6.4    12.7     0.1
109:   6.4    12.8     0.1
108:   6.3    12.6     0.1
107:   6.4    12.7     0.1
106:   6.3    12.6     0.1
105:   6.3    12.5     0.1
104:   6.3    12.6     0.1
103:   6.3    12.6     0.1
102:   6.5    12.9     0.1
101:   6.4    12.7     0.1
100:   6.4    12.7     0.1
99 :   6.3    12.6     0.1
98 :   6.4    12.8     0.1
97 :   6.3    12.6     0.1
96 :   6.4    12.7     0.1
95 :   6.3    12.6     0.1
94 :   6.3    12.6     0.1
93 :   6.4    12.7     0.1
92 :   6.4    12.7     0.1
91 :   6.3    12.6     0.1
90 :   6.3    12.5     0.1
89 :   6.3    12.6     0.1
88 :   6.3    12.5     0.1
87 :   6.4    12.8     0.1
86 :   6.4    12.8     0.1
85 :   6.3    12.6     0.1
84 :   6.4    12.7     0.1
83 :   6.4    12.7     0.1
82 :   6.3    12.6     0.1
81 :   6.4    12.7     0.1
80 :   6.4    12.8     0.1
79 :   6.3    12.6     0.1
78 :   6.5    12.9     0.1
77 :   6.4    12.7     0.1
76 :   6.4    12.7     0.1
75 :   6.3    12.6     0.1
74 :   6.4    12.7     0.1
73 :   6.5    12.9     0.1
72 :   6.4    12.7     0.1
71 :   6.4    12.8     0.1
70 :   6.5    12.9     0.1
69 :   6.4    12.7     0.1
68 :   6.4    12.7     0.1
67 :   6.5    12.9     0.1
66 :   6.4    12.7     0.1
65 :   6.4    12.8     0.1
64 :   6.5    12.9     0.1
63 :   6.4    12.8     0.1
62 :   6.5    12.9     0.1
61 :   6.4    12.8     0.1
60 :   6.4    12.7     0.1
59 :   6.4    12.7     0.1
58 :   6.3    12.6     0.1
57 :   6.4    12.8     0.1
56 :   6.5    12.9     0.1
55 :   6.3    12.6     0.1
54 :   6.5    12.9     0.1
53 :   6.4    12.7     0.1
52 :   6.5    12.9     0.1
51 :   6.4    12.7     0.1
50 :   6.6    13.2     0.1
49 :   7.1    14.0     0.1
48 :   0.0     0.0     0.0
47 :   0.0     0.0     0.0
46 :   0.0     0.0     0.0
45 :   0.0     0.0     0.0
44 :   0.0     0.0     0.0
43 :   0.0     0.0     0.0
42 :   0.0     0.0     0.0
41 :   0.0     0.0     0.0
40 :   0.0     0.0     0.0
39 :   0.0     0.0     0.0
38 :   0.0     0.0     0.0
37 :   0.0     0.0     0.0
36 :   0.0     0.0     0.0
35 :   0.0     0.0     0.0
34 :   0.0     0.0     0.0
33 :   0.0     0.0     0.0
32 :   0.0     0.0     0.0
31 :   0.0     0.0     0.0
30 :   0.0     0.0     0.0
29 :   0.0     0.0     0.0
28 :   0.0     0.0     0.0
27 :   0.0     0.0     0.0
26 :   0.0     0.0     0.0
25 :   0.0     0.0     0.0
24 :   0.0     0.0     0.0
23 :   0.0     0.0     0.0
22 :   0.0     0.0     0.0
21 :   0.0     0.0     0.0
20 :   0.0     0.0     0.0
19 :   0.0     0.0     0.0
18 :   0.0     0.0     0.0
17 :   0.0     0.0     0.0
16 :   0.0     0.0     0.0
15 :   0.0     0.0     0.0
14 :   0.0     0.0     0.0
13 :   0.0     0.0     0.0
12 :   0.0     0.0     0.0
11 :   0.0     0.0     0.0
10 :   0.0     0.0     0.0
9  :   0.0     0.0     0.0
8  :   0.0     0.0     0.0
7  :   0.0     0.0     0.0
6  :   0.0     0.0     0.0
5  :   0.0     0.0     0.0
4  :   0.0     0.0     0.0
3  :   0.0     0.0     0.0
2  :   0.0     0.0     0.0
1  :   0.0     0.0     0.0
0  :   0.0     0.0     0.0
